image: JSI_SLAM_map.pgm
resolution: 0.050000
origin: [-28.880173, -20.792613, 0.000000]
negate: 0
occupied_thresh: 0.65
free_thresh: 0.196

