image: LUNL_SLAM_map.pgm
resolution: 0.050000
origin: [-9.298082, -15.276654, 0.000000]
negate: 0
occupied_thresh: 0.65
free_thresh: 0.196

